Traffic Sign Detection and Recognition Results
============================================================
Model Path: d:\CGC\PHD\conf\paper\traffic_sign_detection_gtsrb\models\resnet_best.h5
Total Test Samples: 12630
Accuracy: 5.42%

Classification Report:
              precision    recall  f1-score   support

           0     0.0000    0.0000    0.0000        60
           1     0.1111    0.0472    0.0663       720
           2     0.0000    0.0000    0.0000       750
           3     0.0000    0.0000    0.0000       450
           4     0.0000    0.0000    0.0000       660
           5     0.0000    0.0000    0.0000       630
           6     0.0000    0.0000    0.0000       150
           7     0.0000    0.0000    0.0000       450
           8     0.0000    0.0000    0.0000       450
           9     0.0000    0.0000    0.0000       480
          10     0.0000    0.0000    0.0000       660
          11     0.0000    0.0000    0.0000       420
          12     0.0548    0.9420    0.1036       690
          13     0.0000    0.0000    0.0000       720
          14     0.0000    0.0000    0.0000       270
          15     0.0000    0.0000    0.0000       210
          16     0.0000    0.0000    0.0000       150
          17     0.0000    0.0000    0.0000       360
          18     0.0000    0.0000    0.0000       390
          19     0.0000    0.0000    0.0000        60
          20     0.0000    0.0000    0.0000        90
          21     0.0000    0.0000    0.0000        90
          22     0.0000    0.0000    0.0000       120
          23     0.0000    0.0000    0.0000       150
          24     0.0000    0.0000    0.0000        90
          25     0.0000    0.0000    0.0000       480
          26     0.0000    0.0000    0.0000       180
          27     0.0000    0.0000    0.0000        60
          28     0.0000    0.0000    0.0000       150
          29     0.0000    0.0000    0.0000        90
          30     0.0000    0.0000    0.0000       150
          31     0.0000    0.0000    0.0000       270
          32     0.0000    0.0000    0.0000        60
          33     0.0000    0.0000    0.0000       210
          34     0.0000    0.0000    0.0000       120
          35     0.0000    0.0000    0.0000       390
          36     0.0000    0.0000    0.0000       120
          37     0.0000    0.0000    0.0000        60
          38     0.0000    0.0000    0.0000       690
          39     0.0000    0.0000    0.0000        90
          40     0.0000    0.0000    0.0000        90
          41     0.0000    0.0000    0.0000        60
          42     0.0000    0.0000    0.0000        90

    accuracy                         0.0542     12630
   macro avg     0.0039    0.0230    0.0039     12630
weighted avg     0.0093    0.0542    0.0094     12630
